pressure	height	temperature	dewpoint	direction	speed	u_wind	v_wind
997.0	33	6.0	4.8	90.0	10.0	-10.0	-6.123233995736766e-16
990.0	92	5.6	4.6	100.0	10.0	-9.84807753012208	1.736481776669303
969.0	270	4.4	3.9	95.0	13.0	-12.950531075192693	1.1330246557195571
944.0	487	3.0	3.0	61.0	21.0	-18.36701384992731	-10.18100202517308
925.0	656	4.0	4.0	35.0	28.0	-16.06014021782929	-22.93625724009177
921.0	691	4.1	4.1	35.0	29.0	-16.633716654180336	-23.75540928438076
909.0	798	4.4	4.4	34.0	28.0	-15.657401297180913	-23.213052031541167
866.0	1192	2.5	2.5	30.0	25.0	-12.499999999999998	-21.65063509461097
850.0	1343	1.8	1.8	20.0	28.0	-9.576564013118723	-26.311393382005434
766.0	2174	-1.9	-1.9	345.0	34.0	8.799847533485703	-32.84147809382832
717.0	2702	-4.3	-4.3	307.0	38.0	30.34814938179714	-22.868970879777823
714.0	2735	-4.4	-4.4	305.0	38.0	31.127777682981687	-21.795904581339748
700.0	2891	-4.9	-4.9	300.0	44.0	38.1051177665153	-22.0
663.0	3317	-5.7	-6.0	300.0	37.0	32.042939940024226	-18.5
629.0	3731	-6.5	-7.0	299.0	44.0	38.483267114133405	-21.331623290838838
565.0	4562	-11.7	-12.2	297.0	57.0	50.78737187873698	-25.877458485154158
561.0	4617	-12.3	-12.6	297.0	58.0	51.67837840292535	-26.331448984893704
520.0	5189	-19.3	-42.3	296.0	68.0	61.11799514834336	-29.80923798165726
500.0	5480	-20.5	-42.5	295.0	73.0	66.16046845367543	-30.85113310707107
494.0	5569	-20.9	-43.9	296.0	75.0	67.40955347243752	-32.877836009180804
458.0	6124	-23.4	-44.6	300.0	84.0	72.74613391789285	-42.0
454.0	6188	-23.7	-44.7	300.0	84.0	72.74613391789285	-42.0
436.0	6482	-25.7	-47.7	298.0	86.0	75.93349298586773	-40.37455439958658
408.0	6959	-28.7	-46.7	296.0	89.0	79.99267012062586	-39.01503206422789
404.0	7029	-29.1	-38.1	295.0	90.0	81.56770083329849	-38.03564355666296
400.0	7100	-29.5	-38.5	295.0	90.0	81.56770083329849	-38.03564355666296
395.0	7189	-30.5	-40.5	295.0	91.0	82.47400862033514	-38.45826181840366
393.0	7226	-30.7	-38.7	295.0	91.0	82.47400862033514	-38.45826181840366
392.0	7244	-30.3	-33.2	295.0	92.0	83.38031640737178	-38.880880080144365
357.0	7904	-33.1	-36.7	297.0	100.0	89.1006524188368	-45.39904997395466
308.0	8919	-41.8	-43.7	300.0	112.0	96.99484522385713	-56.0
300.0	9100	-43.3	-45.0	300.0	110.0	95.26279441628824	-55.0
299.0	9122	-43.5	-45.1	300.0	110.0	95.26279441628824	-55.0
279.0	9583	-47.7	-51.4	300.0	112.0	96.99484522385713	-56.0
272.0	9751	-48.9	-50.7	300.0	112.0	96.99484522385713	-56.0
270.0	9799	-49.5	-52.2	300.0	112.0	96.99484522385713	-56.0
260.0	10045	-50.7	-64.7	300.0	113.0	97.86087062764156	-56.5
250.0	10300	-51.9	-62.9	300.0	114.0	98.726896031426	-57.0
239.0	10590	-54.2	-62.9	300.0	119.0	103.05702305034819	-59.5
236.0	10671	-54.9	-62.9	299.0	118.0	103.20512544244869	-57.20753518906779
220.0	11118	-57.5	-70.5	295.0	115.0	104.22539550921474	-48.60110010018045
200.0	11720	-58.3	-72.3	295.0	110.0	99.69385657403149	-46.48800879147696
199.0	11752	-58.0	-72.4	295.0	109.0	98.78754878699483	-46.065390529736256
174.0	12608	-51.1	-75.1	295.0	68.0	61.628929518492185	-28.738041798367572
171.0	12720	-51.8	-75.4	295.0	63.0	57.097390583308936	-26.624950489664077
158.0	13228	-54.9	-77.0	300.0	75.0	64.9519052838329	-37.5
157.0	13269	-55.1	-77.1	300.0	75.0	64.9519052838329	-37.5
150.0	13560	-54.5	-77.5	290.0	70.0	65.77848345501359	-23.941410032796835
125.0	14733	-52.0	-76.3	285.0	55.0	53.125920445898764	-14.235047480638617
115.0	15269	-50.9	-75.8	310.0	46.0	35.238044383472996	-29.568230045580805
113.0	15382	-50.7	-75.7	309.0	46.0	35.748714227020656	-28.948737988292525
105.0	15855	-52.4	-77.4	305.0	45.0	36.86184199300463	-25.810939635797073
100.0	16170	-53.5	-78.5	315.0	53.0	37.47665940288703	-37.476659402887016
92.7	16655	-56.3	-80.3	297.0	46.0	40.98630011266493	-20.883562988019147
92.0	16703	-56.4	-80.4	295.0	45.0	40.783850416649244	-19.01782177833148
86.0	17130	-57.1	-81.1	304.0	46.0	38.135728337531916	-25.722873559654364
85.0	17205	-56.7	-81.0	305.0	46.0	37.68099403729362	-26.384516072148116
78.0	17755	-54.0	-80.7	300.0	36.0	31.17691453623979	-18.0
76.0	17921	-53.2	-80.6	295.0	41.0	37.15861926850264	-17.327348731368684
74.4	18057	-52.5	-80.5	283.0	36.0	35.077322332268466	-8.098237956379137
74.0	18092	-52.6	-80.5	280.0	35.0	34.468271355427284	-6.077686218342549
71.0	18359	-53.1	-80.3	280.0	30.0	29.544232590366242	-5.209445330007899
70.0	18450	-53.3	-80.3	285.0	27.0	26.07999730980485	-6.988114217768048
69.0	18542	-53.7	-80.3	300.0	22.0	19.05255888325765	-11.0
68.0	18635	-54.0	-80.2	315.0	26.0	18.38477631085024	-18.384776310850235
62.8	19144	-56.1	-80.1	302.0	39.0	33.07387575010062	-20.666851305094983
62.0	19227	-55.4	-80.0	300.0	41.0	35.50704155516198	-20.5
61.0	19331	-54.5	-79.9	295.0	33.0	29.908156972209444	-13.946402637443088
59.1	19533	-52.7	-79.7	314.0	28.0	20.141514409482234	-19.450434372851923
59.0	19544	-52.7	-79.8	315.0	28.0	19.798989873223334	-19.798989873223327
55.2	19972	-54.5	-83.5	310.0	24.0	18.385066634855477	-15.426902632476942
55.0	19996	-54.4	-83.4	310.0	24.0	18.385066634855477	-15.426902632476942
52.0	20357	-52.8	-82.4	275.0	24.0	23.908672754201895	-2.091737825943789
51.0	20482	-52.3	-82.1	285.0	17.0	16.420739046914164	-4.399923766742845
50.0	20610	-51.7	-81.7	300.0	15.0	12.990381056766578	-7.5
49.0	20741	-51.5	-81.8	325.0	15.0	8.603646545265695	-12.287280664334874
47.0	21013	-50.9	-82.0	320.0	25.0	16.06969024216349	-19.15111107797445
46.0	21152	-50.6	-82.1	305.0	29.0	23.75540928438076	-16.633716654180336
44.0	21442	-50.1	-82.3	285.0	20.0	19.31851652578137	-5.176380902050406
42.0	21744	-49.5	-82.5	325.0	17.0	9.750799417967789	-13.925584752912856
41.0	21901	-49.7	-82.7	330.0	23.0	11.50000000000001	-19.918584287042084
38.0	22394	-50.4	-83.4	290.0	12.0	11.2763114494309	-4.104241719908028
36.0	22746	-51.0	-84.0	350.0	10.0	1.736481776669304	-9.84807753012208
35.0	22929	-51.2	-84.2	5.0	10.0	-0.8715574274765816	-9.961946980917455
34.0	23117	-51.5	-84.5	350.0	10.0	1.736481776669304	-9.84807753012208
33.0	23311	-51.8	-84.8	0.0	13.0	-0.0	-13.0
32.0	23511	-52.1	-85.1	340.0	10.0	3.4202014332566852	-9.396926207859085
31.2	23675	-52.3	-85.3	23.0	8.0	-3.12584902791419	-7.364038827619523
30.0	23930	-49.9	-82.9	90.0	5.0	-5.0	-3.061616997868383e-16
29.8	23974	-49.5	-82.5	91.0	7.0	-6.998933866094739	0.12216684506098431
29.0	24152	-49.8	-82.8	95.0	14.0	-13.946725773284438	1.2201803984672153
28.0	24381	-50.1	-83.1	45.0	11.0	-7.778174593052022	-7.778174593052023
27.0	24619	-50.5	-83.5	50.0	21.0	-16.086933305498537	-13.498539803417327
26.0	24865	-50.9	-83.9	15.0	14.0	-3.6234666314352904	-13.522961568046956
25.0	25123	-50.1	-83.8	25.0	10.0	-4.2261826174069945	-9.063077870366499
24.0	25391	-49.3	-83.7	350.0	12.0	2.0837781320031645	-11.817693036146496
23.0	25670	-48.4	-83.6	45.0	8.0	-5.65685424949238	-5.656854249492381
22.0	25962	-47.5	-83.5	60.0	13.0	-11.258330249197702	-6.500000000000002
21.0	26268	-48.2	-83.7	75.0	19.0	-18.352590699492296	-4.917561856947894
20.0	26590	-48.9	-83.9	65.0	21.0	-19.03246352776965	-8.874983496554687
19.7	26689	-49.5	-83.5	63.0	22.0	-19.60214353214409	-9.98779099427003
18.0	27285	-45.4	-82.2	50.0	28.0	-21.449244407331385	-17.9980530712231
17.9	27322	-45.1	-82.1	50.0	27.0	-20.683199964212406	-17.35526546153656
17.0	27668	-44.5	-82.2	55.0	18.0	-14.74473679720185	-10.32437585431883
16.0	28074	-43.9	-82.2	40.0	19.0	-12.212964584044245	-14.554844419260585
15.1	28462	-43.3	-82.3	58.0	22.0	-18.65705811544137	-11.658223813130508
15.0	28506	-43.4	-82.4	60.0	22.0	-19.05255888325765	-11.000000000000002
14.6	28688	-43.9	-82.9	64.0	21.0	-18.87467497228251	-9.205794082570625
14.0	28974	-42.4	-82.1	70.0	19.0	-17.854159794932258	-6.498382723187707
13.0	29478	-39.6	-80.6	70.0	19.0	-17.854159794932258	-6.498382723187707
12.2	29910	-37.3	-79.3	74.0	27.0	-25.95406579033461	-7.442208607058977
12.0	30025	-37.1	-79.2	75.0	29.0	-28.01184896238298	-7.5057523079731014
11.0	30629	-36.0	-78.5	65.0	35.0	-31.72077254628275	-14.79163916092448
10.0	31290	-34.7	-77.7	65.0	37.0	-33.53338812035605	-15.63687568440588
9.0	32028	-33.8	-77.4	55.0	25.0	-20.478801107224793	-14.339410908776154
8.3	32595	-33.1	-77.1	72.0	22.0	-20.923243358493377	-6.798373876248844
8.0	32854	-33.1	-77.1	80.0	20.0	-19.69615506024416	-3.4729635533386083
7.8	33032	-33.1	-77.1				
